4.6
-47.4
-50.3
37.4
-4.4
-12.9
89.9
16.6
47.2
9.7
91.9
30.5
-49.0
74.5
-46.3
27.4
-40.0
1.0
99.3
31.6
-52.9
22.6
-22.9
27.5
-92.9
21.9
-5.8
-14.6
96.4
94.6
-14.6
68.2
34.7
-17.8
44.0
-14.1
-1.5
14.7
33.3
29.2
-27.5
-93.1
-70.7
4.6
-72.1
29.7
72.9
-82.9
18.5
88.6
-27.5
60.5
62.3
82.7
-47.3
68.0
-14.8
-41.7
87.3
33.3
80.8
99.1
-68.0
30.2
85.0
-52.8
4.5
-41.7
-3.6
62.4
96.7
61.9
94.5
36.3
-86.7
12.8
76.2
-0.3
-17.1
-83.1
71.8
74.5
99.6
-13.3
-17.1
68.0
11.8