411
179
686
459
614
777
69
807
734
315
951
703
618
808
1
294
961
227
887
899
846
532
938
816
927
369
105
493
840
223
513
686
393
616
414
41
206
341
183
206
859
113
804
495
556
127
473
671
149
987
876
202
199
607
543
814
669
570
452
290
90
449
659
632
156
907
999
89
872
83
460
802
336
698
705
642
164
36
604
577
330
411
606
568
792
48
301
553
649
495
130
810
408
737
724
869
133
761
789
20
23
45
78
123
67
899
